speed		hand		dir
   9.0510420e+01   0.0000000e+00   5.9275942e+00
   9.8029630e+01   0.0000000e+00   5.7994426e+00
   9.6861970e+01   0.0000000e+00   5.1107640e+00
   9.7029600e+01   0.0000000e+00   5.5377920e+00
   9.1211700e+01   0.0000000e+00   5.6895652e+00
   9.3962550e+01   1.0000000e+00   1.3804219e+00
   9.6311080e+01   0.0000000e+00   5.5346535e+00
   9.1515190e+01   0.0000000e+00   1.0381727e+00
   9.8073220e+01   0.0000000e+00   4.9272401e+00
   9.6749370e+01   1.0000000e+00   5.4260410e+00
   9.5451210e+01   1.0000000e+00   1.4781228e+00
   9.1178170e+01   0.0000000e+00   1.7097984e+00
   9.4821880e+01   0.0000000e+00   3.4279481e-01
   9.3893300e+01   1.0000000e+00   3.0915417e-01
   9.0773040e+01   0.0000000e+00   3.2782198e-01
   9.0892520e+01   1.0000000e+00   5.9465006e+00
   9.9908480e+01   0.0000000e+00   5.7872743e+00
   9.3413580e+01   0.0000000e+00   5.3192517e+00
   8.8778870e+01   0.0000000e+00   1.1716959e+00
   8.8857400e+01   0.0000000e+00   9.6384990e-02
   9.0386450e+01   0.0000000e+00   1.1236814e-01
   9.5120220e+01   0.0000000e+00   4.4780398e+00
   9.6574740e+01   0.0000000e+00   3.0602499e-01
   9.6232700e+01   0.0000000e+00   5.6783673e+00
   9.0861730e+01   0.0000000e+00   7.3299688e-01
   8.9793180e+01   0.0000000e+00   1.7787140e+00
   9.2797200e+01   1.0000000e+00   1.5345696e-01
   9.1546340e+01   1.0000000e+00   6.1458941e+00
   9.2873470e+01   0.0000000e+00   1.8571011e-01
   9.5837520e+01   0.0000000e+00   9.7805819e-01
   9.3514750e+01   0.0000000e+00   5.8965182e+00
   9.5201640e+01   0.0000000e+00   5.9944811e+00
   8.9959930e+01   1.0000000e+00   6.0568000e+00
   9.3335830e+01   0.0000000e+00   1.1623999e+00
   8.6091430e+01   0.0000000e+00   6.1505828e-01
   9.3548650e+01   0.0000000e+00   2.6248481e-01
   9.1380550e+01   0.0000000e+00   5.9176553e-01
   9.0790140e+01   0.0000000e+00   7.5079622e-01
   8.8852370e+01   0.0000000e+00   2.2773830e-02
   8.9292760e+01   1.0000000e+00   4.9129882e+00
   9.5931750e+01   0.0000000e+00   5.5779617e+00
   9.5380780e+01   0.0000000e+00   5.9275386e+00
   9.5574800e+01   1.0000000e+00   2.1343909e-01
   9.2904260e+01   0.0000000e+00   6.0667370e+00
   9.1615740e+01   0.0000000e+00   6.2570982e+00
   9.6367400e+01   1.0000000e+00   1.1421572e+00
   9.3463830e+01   0.0000000e+00   6.1378005e+00
   9.5502990e+01   0.0000000e+00   2.5676190e-02
   9.8162580e+01   0.0000000e+00   5.1758159e+00
   9.3469560e+01   1.0000000e+00   5.2284216e+00
   9.7891360e+01   1.0000000e+00   7.4281916e-01
   1.0045359e+02   0.0000000e+00   5.4608338e+00
   9.6594730e+01   0.0000000e+00   4.8791375e+00
   9.5481520e+01   1.0000000e+00   1.1509500e+00
   9.3899230e+01   0.0000000e+00   1.1423583e+00
   9.3336470e+01   0.0000000e+00   5.0913084e+00
   9.5666040e+01   0.0000000e+00   6.0014746e+00
   9.9071340e+01   0.0000000e+00   4.9027115e+00
   9.0223930e+01   0.0000000e+00   5.6836340e-01
   8.9079500e+01   0.0000000e+00   1.5851258e+00
   9.5071000e+01   0.0000000e+00   5.9565442e+00
   9.1083560e+01   1.0000000e+00   5.5597369e+00
   9.4596010e+01   0.0000000e+00   1.2601077e+00
   9.6080590e+01   1.0000000e+00   5.8556536e+00
   9.3490170e+01   0.0000000e+00   6.0302092e+00
   9.4601490e+01   1.0000000e+00   5.7607522e+00
   9.5025000e+01   0.0000000e+00   5.5984720e+00
   9.7879320e+01   1.0000000e+00   6.0042416e+00
   9.5789610e+01   0.0000000e+00   4.1094534e+00
   9.5669020e+01   1.0000000e+00   2.5575549e+00
   9.0108490e+01   0.0000000e+00   7.8747714e-01
   9.1045660e+01   0.0000000e+00   2.4057865e-01
   9.1013380e+01   0.0000000e+00   2.9050042e-01
   9.2230070e+01   0.0000000e+00   5.9959042e+00
   9.5229010e+01   0.0000000e+00   5.3592448e+00
   9.0994400e+01   0.0000000e+00   1.7030721e+00
   9.6533650e+01   0.0000000e+00   4.9476965e+00
   9.1070410e+01   0.0000000e+00   5.9946583e+00
   9.5304050e+01   1.0000000e+00   1.8660475e+00
   9.0457930e+01   0.0000000e+00   2.0270843e-01
   9.1801700e+01   0.0000000e+00   4.1287441e-01
   9.4482080e+01   0.0000000e+00   6.2745446e+00
   9.3289430e+01   1.0000000e+00   6.0973315e+00
   9.0255150e+01   0.0000000e+00   3.5391643e-01
   9.3863910e+01   0.0000000e+00   6.3075861e-01
   9.4600470e+01   1.0000000e+00   5.9854383e+00
   9.3184720e+01   1.0000000e+00   5.8022691e+00
   9.2270780e+01   0.0000000e+00   5.3877631e+00
   9.2903270e+01   0.0000000e+00   1.0052392e+00
   9.4266170e+01   0.0000000e+00   3.6571213e+00
   9.7507680e+01   0.0000000e+00   5.6545619e+00
   9.5000030e+01   0.0000000e+00   7.8118407e-01
   9.5059690e+01   0.0000000e+00   6.9085693e-01
   9.3649580e+01   0.0000000e+00   5.2992084e+00
   9.4081000e+01   0.0000000e+00   7.4158391e-01
   9.8991730e+01   1.0000000e+00   1.3798109e+00
   9.6424600e+01   0.0000000e+00   6.0890352e+00
   9.3207570e+01   0.0000000e+00   5.1168926e+00
   8.6703300e+01   0.0000000e+00   1.7313071e+00
   9.8127950e+01   0.0000000e+00   5.1045876e+00