Trial			StretchMagnitude	SpikeTimes
   1.0000000e+00	   5.0000000e+00	   2.4224375e-02	
   1.0000000e+00	   5.0000000e+00	   2.3076536e-01	
   1.0000000e+00	   5.0000000e+00	   3.7415038e-01	
   1.0000000e+00	   5.0000000e+00	   3.7860041e-01	
   1.0000000e+00	   5.0000000e+00	   7.1807672e-01	
   2.0000000e+00	   5.0000000e+00	   1.1059919e-01	
   2.0000000e+00	   5.0000000e+00	   1.3208231e-01	
   2.0000000e+00	   5.0000000e+00	   2.8275474e-01	
   2.0000000e+00	   5.0000000e+00	   4.2831273e-01	
   2.0000000e+00	   5.0000000e+00	   9.3269992e-01	
   3.0000000e+00	   5.0000000e+00	   2.6477967e-01	
   3.0000000e+00	   5.0000000e+00	   3.2913971e-01	
   3.0000000e+00	   5.0000000e+00	   8.3707633e-01	
   4.0000000e+00	   5.0000000e+00	   3.0540080e-02	
   4.0000000e+00	   5.0000000e+00	   6.1137953e-02	
   4.0000000e+00	   5.0000000e+00	   8.4803498e-02	
   4.0000000e+00	   5.0000000e+00	   2.8268833e-01	
   4.0000000e+00	   5.0000000e+00	   5.0476705e-01	
   4.0000000e+00	   5.0000000e+00	   5.7548415e-01	
   4.0000000e+00	   5.0000000e+00	   7.8850387e-01	
   4.0000000e+00	   5.0000000e+00	   9.5674972e-01	
   5.0000000e+00	   5.0000000e+00	   1.8288954e-01	
   5.0000000e+00	   5.0000000e+00	   4.7242051e-01	
   5.0000000e+00	   5.0000000e+00	   6.6887407e-01	
   5.0000000e+00	   5.0000000e+00	   8.1636761e-01	
   6.0000000e+00	   5.0000000e+00	   3.9736574e-02	
   6.0000000e+00	   5.0000000e+00	   5.7174649e-02	
   6.0000000e+00	   5.0000000e+00	   1.5586687e-01	
   6.0000000e+00	   5.0000000e+00	   2.9215045e-01	
   6.0000000e+00	   5.0000000e+00	   3.1844424e-01	
   6.0000000e+00	   5.0000000e+00	   4.1827091e-01	
   6.0000000e+00	   5.0000000e+00	   5.3447105e-01	
   7.0000000e+00	   5.0000000e+00	   1.1281032e-01	
   7.0000000e+00	   5.0000000e+00	   1.2598896e-01	
   7.0000000e+00	   5.0000000e+00	   1.9361269e-01	
   7.0000000e+00	   5.0000000e+00	   4.0479404e-01	
   7.0000000e+00	   5.0000000e+00	   6.5532890e-01	
   7.0000000e+00	   5.0000000e+00	   7.7602000e-01	
   7.0000000e+00	   5.0000000e+00	   8.0383190e-01	
   8.0000000e+00	   5.0000000e+00	   2.7316153e-02	
   8.0000000e+00	   5.0000000e+00	   2.2351257e-01	
   8.0000000e+00	   5.0000000e+00	   2.4620382e-01	
   8.0000000e+00	   5.0000000e+00	   4.7310076e-01	
   8.0000000e+00	   5.0000000e+00	   7.0888670e-01	
   9.0000000e+00	   5.0000000e+00	   4.7368541e-02	
   9.0000000e+00	   5.0000000e+00	   1.3913119e-01	
   9.0000000e+00	   5.0000000e+00	   2.1482525e-01	
   9.0000000e+00	   5.0000000e+00	   2.5934619e-01	
   9.0000000e+00	   5.0000000e+00	   2.8991523e-01	
   9.0000000e+00	   5.0000000e+00	   5.3364991e-01	
   1.0000000e+01	   5.0000000e+00	   3.7950140e-02	
   1.0000000e+01	   5.0000000e+00	   5.3556754e-02	
   1.0000000e+01	   5.0000000e+00	   6.3531777e-02	
   1.0000000e+01	   5.0000000e+00	   1.1319058e-01	
   1.0000000e+01	   5.0000000e+00	   7.1536503e-01	
   1.0000000e+01	   5.0000000e+00	   7.6268709e-01	
   1.0000000e+01	   5.0000000e+00	   8.9261042e-01	
   1.0000000e+01	   5.0000000e+00	   9.2245787e-01	
   1.1000000e+01	   5.0000000e+00	   2.5861024e-02	
   1.1000000e+01	   5.0000000e+00	   1.0618029e-01	
   1.1000000e+01	   5.0000000e+00	   1.5295239e-01	
   1.1000000e+01	   5.0000000e+00	   3.4456555e-01	
   1.1000000e+01	   5.0000000e+00	   5.1141850e-01	
   1.1000000e+01	   5.0000000e+00	   5.6974994e-01	
   1.2000000e+01	   5.0000000e+00	   3.0147766e-02	
   1.2000000e+01	   5.0000000e+00	   1.3569254e-01	
   1.2000000e+01	   5.0000000e+00	   1.4061356e-01	
   1.2000000e+01	   5.0000000e+00	   3.7995551e-01	
   1.2000000e+01	   5.0000000e+00	   8.2414931e-01	
   1.2000000e+01	   5.0000000e+00	   8.4673101e-01	
   1.2000000e+01	   5.0000000e+00	   8.5701085e-01	
   1.3000000e+01	   5.0000000e+00	   1.2938686e-01	
   1.3000000e+01	   5.0000000e+00	   1.6615599e-01	
   1.3000000e+01	   5.0000000e+00	   3.7268860e-01	
   1.3000000e+01	   5.0000000e+00	   4.3882576e-01	
   1.3000000e+01	   5.0000000e+00	   6.2199510e-01	
   1.3000000e+01	   5.0000000e+00	   7.4969531e-01	
   1.4000000e+01	   5.0000000e+00	   2.4982513e-01	
   1.4000000e+01	   5.0000000e+00	   7.7777213e-01	
   1.4000000e+01	   5.0000000e+00	   8.8115358e-01	
   1.4000000e+01	   5.0000000e+00	   9.0607177e-01	
   1.5000000e+01	   5.0000000e+00	   4.3928283e-02	
   1.5000000e+01	   5.0000000e+00	   1.6844383e-01	
   1.5000000e+01	   5.0000000e+00	   5.9766874e-01	
   1.5000000e+01	   5.0000000e+00	   7.3682357e-01	
   1.6000000e+01	   5.0000000e+00	   2.4503968e-01	
   1.6000000e+01	   5.0000000e+00	   3.0354508e-01	
   1.6000000e+01	   5.0000000e+00	   3.3828984e-01	
   1.6000000e+01	   5.0000000e+00	   5.2539740e-01	
   1.7000000e+01	   5.0000000e+00	   1.5263495e-01	
   1.7000000e+01	   5.0000000e+00	   2.6224473e-01	
   1.7000000e+01	   5.0000000e+00	   3.0731628e-01	
   1.7000000e+01	   5.0000000e+00	   5.3393820e-01	
   1.7000000e+01	   5.0000000e+00	   6.5193849e-01	
   1.7000000e+01	   5.0000000e+00	   8.0903156e-01	
   1.8000000e+01	   5.0000000e+00	   1.6370943e-02	
   1.8000000e+01	   5.0000000e+00	   3.4917368e-02	
   1.8000000e+01	   5.0000000e+00	   1.1094439e-01	
   1.8000000e+01	   5.0000000e+00	   1.4766310e-01	
   1.8000000e+01	   5.0000000e+00	   2.4293829e-01	
   1.8000000e+01	   5.0000000e+00	   3.3258006e-01	
   1.8000000e+01	   5.0000000e+00	   3.5429453e-01	
   1.8000000e+01	   5.0000000e+00	   5.5029076e-01	
   1.8000000e+01	   5.0000000e+00	   6.4785752e-01	
   1.8000000e+01	   5.0000000e+00	   7.6048552e-01	
   1.8000000e+01	   5.0000000e+00	   9.8314693e-01	
   1.9000000e+01	   5.0000000e+00	   8.5948695e-02	
   1.9000000e+01	   5.0000000e+00	   4.1908205e-01	
   1.9000000e+01	   5.0000000e+00	   8.1297894e-01	
   2.0000000e+01	   5.0000000e+00	   2.8791559e-01	
   2.0000000e+01	   5.0000000e+00	   3.5953770e-01	
   2.0000000e+01	   5.0000000e+00	   3.9834558e-01	
   2.0000000e+01	   5.0000000e+00	   4.0145331e-01	
   2.0000000e+01	   5.0000000e+00	   4.8628517e-01	
   2.0000000e+01	   5.0000000e+00	   9.9363038e-01	
   2.1000000e+01	   1.0000000e+01	   4.9368361e-02	
   2.1000000e+01	   1.0000000e+01	   1.0646087e-01	
   2.1000000e+01	   1.0000000e+01	   1.2036362e-01	
   2.1000000e+01	   1.0000000e+01	   1.8407684e-01	
   2.1000000e+01	   1.0000000e+01	   3.0664687e-01	
   2.1000000e+01	   1.0000000e+01	   3.1703879e-01	
   2.1000000e+01	   1.0000000e+01	   4.3626352e-01	
   2.1000000e+01	   1.0000000e+01	   4.4395897e-01	
   2.1000000e+01	   1.0000000e+01	   4.7728030e-01	
   2.1000000e+01	   1.0000000e+01	   5.2825019e-01	
   2.1000000e+01	   1.0000000e+01	   5.6892223e-01	
   2.1000000e+01	   1.0000000e+01	   5.9352023e-01	
   2.1000000e+01	   1.0000000e+01	   6.1091189e-01	
   2.1000000e+01	   1.0000000e+01	   7.2908618e-01	
   2.1000000e+01	   1.0000000e+01	   8.0114658e-01	
   2.1000000e+01	   1.0000000e+01	   8.8230810e-01	
   2.1000000e+01	   1.0000000e+01	   8.8717907e-01	
   2.1000000e+01	   1.0000000e+01	   9.1677190e-01	
   2.2000000e+01	   1.0000000e+01	   7.8259512e-02	
   2.2000000e+01	   1.0000000e+01	   9.7200132e-02	
   2.2000000e+01	   1.0000000e+01	   1.0935034e-01	
   2.2000000e+01	   1.0000000e+01	   1.8073509e-01	
   2.2000000e+01	   1.0000000e+01	   1.9051181e-01	
   2.2000000e+01	   1.0000000e+01	   2.6828044e-01	
   2.2000000e+01	   1.0000000e+01	   2.8440934e-01	
   2.2000000e+01	   1.0000000e+01	   3.2214008e-01	
   2.2000000e+01	   1.0000000e+01	   5.2272033e-01	
   2.2000000e+01	   1.0000000e+01	   6.4634782e-01	
   2.2000000e+01	   1.0000000e+01	   7.1590991e-01	
   2.2000000e+01	   1.0000000e+01	   7.9697576e-01	
   2.2000000e+01	   1.0000000e+01	   8.6382451e-01	
   2.2000000e+01	   1.0000000e+01	   9.5372557e-01	
   2.3000000e+01	   1.0000000e+01	   6.4872760e-03	
   2.3000000e+01	   1.0000000e+01	   1.8917354e-01	
   2.3000000e+01	   1.0000000e+01	   1.9740802e-01	
   2.3000000e+01	   1.0000000e+01	   3.7176068e-01	
   2.3000000e+01	   1.0000000e+01	   3.9483918e-01	
   2.3000000e+01	   1.0000000e+01	   4.4631287e-01	
   2.3000000e+01	   1.0000000e+01	   6.3433730e-01	
   2.3000000e+01	   1.0000000e+01	   7.5533157e-01	
   2.3000000e+01	   1.0000000e+01	   8.2880507e-01	
   2.3000000e+01	   1.0000000e+01	   8.9794510e-01	
   2.4000000e+01	   1.0000000e+01	   2.1325586e-02	
   2.4000000e+01	   1.0000000e+01	   3.0109864e-02	
   2.4000000e+01	   1.0000000e+01	   1.5848026e-01	
   2.4000000e+01	   1.0000000e+01	   2.0243589e-01	
   2.4000000e+01	   1.0000000e+01	   2.3608134e-01	
   2.4000000e+01	   1.0000000e+01	   3.1092744e-01	
   2.4000000e+01	   1.0000000e+01	   3.2867676e-01	
   2.4000000e+01	   1.0000000e+01	   4.4359317e-01	
   2.4000000e+01	   1.0000000e+01	   5.0923443e-01	
   2.4000000e+01	   1.0000000e+01	   5.1502178e-01	
   2.4000000e+01	   1.0000000e+01	   5.2103124e-01	
   2.4000000e+01	   1.0000000e+01	   5.5686968e-01	
   2.4000000e+01	   1.0000000e+01	   6.0722027e-01	
   2.4000000e+01	   1.0000000e+01	   6.1365456e-01	
   2.4000000e+01	   1.0000000e+01	   6.5579697e-01	
   2.4000000e+01	   1.0000000e+01	   6.7794782e-01	
   2.4000000e+01	   1.0000000e+01	   7.4534312e-01	
   2.4000000e+01	   1.0000000e+01	   9.1596383e-01	
   2.4000000e+01	   1.0000000e+01	   9.4459858e-01	
   2.5000000e+01	   1.0000000e+01	   1.9162113e-02	
   2.5000000e+01	   1.0000000e+01	   3.2042391e-02	
   2.5000000e+01	   1.0000000e+01	   1.4230287e-01	
   2.5000000e+01	   1.0000000e+01	   1.8637846e-01	
   2.5000000e+01	   1.0000000e+01	   2.4469012e-01	
   2.5000000e+01	   1.0000000e+01	   2.6395456e-01	
   2.5000000e+01	   1.0000000e+01	   2.7913778e-01	
   2.5000000e+01	   1.0000000e+01	   4.4437104e-01	
   2.5000000e+01	   1.0000000e+01	   4.8357143e-01	
   2.5000000e+01	   1.0000000e+01	   4.9511133e-01	
   2.5000000e+01	   1.0000000e+01	   5.0166182e-01	
   2.5000000e+01	   1.0000000e+01	   5.7857194e-01	
   2.5000000e+01	   1.0000000e+01	   9.9002000e-01	
   2.6000000e+01	   1.0000000e+01	   1.2835576e-01	
   2.6000000e+01	   1.0000000e+01	   2.1327531e-01	
   2.6000000e+01	   1.0000000e+01	   2.8918528e-01	
   2.6000000e+01	   1.0000000e+01	   4.3346827e-01	
   2.6000000e+01	   1.0000000e+01	   4.9452620e-01	
   2.6000000e+01	   1.0000000e+01	   5.0373668e-01	
   2.6000000e+01	   1.0000000e+01	   8.8437938e-01	
   2.6000000e+01	   1.0000000e+01	   8.9142061e-01	
   2.7000000e+01	   1.0000000e+01	   1.1068053e-02	
   2.7000000e+01	   1.0000000e+01	   8.1795018e-02	
   2.7000000e+01	   1.0000000e+01	   1.4247044e-01	
   2.7000000e+01	   1.0000000e+01	   3.4326305e-01	
   2.7000000e+01	   1.0000000e+01	   4.5772943e-01	
   2.7000000e+01	   1.0000000e+01	   4.6501711e-01	
   2.7000000e+01	   1.0000000e+01	   6.7028420e-01	
   2.7000000e+01	   1.0000000e+01	   7.0125956e-01	
   2.7000000e+01	   1.0000000e+01	   8.0408977e-01	
   2.7000000e+01	   1.0000000e+01	   8.1928519e-01	
   2.8000000e+01	   1.0000000e+01	   1.2673417e-02	
   2.8000000e+01	   1.0000000e+01	   1.8850062e-02	
   2.8000000e+01	   1.0000000e+01	   3.0640063e-02	
   2.8000000e+01	   1.0000000e+01	   2.1623817e-01	
   2.8000000e+01	   1.0000000e+01	   2.6635918e-01	
   2.8000000e+01	   1.0000000e+01	   4.3201254e-01	
   2.8000000e+01	   1.0000000e+01	   4.7332445e-01	
   2.8000000e+01	   1.0000000e+01	   5.0222875e-01	
   2.8000000e+01	   1.0000000e+01	   6.5259213e-01	
   2.8000000e+01	   1.0000000e+01	   7.7421202e-01	
   2.8000000e+01	   1.0000000e+01	   8.9356489e-01	
   2.9000000e+01	   1.0000000e+01	   7.0739797e-02	
   2.9000000e+01	   1.0000000e+01	   1.0098064e-01	
   2.9000000e+01	   1.0000000e+01	   3.1915641e-01	
   2.9000000e+01	   1.0000000e+01	   4.3876227e-01	
   2.9000000e+01	   1.0000000e+01	   5.0824358e-01	
   2.9000000e+01	   1.0000000e+01	   5.9403501e-01	
   2.9000000e+01	   1.0000000e+01	   6.0686035e-01	
   2.9000000e+01	   1.0000000e+01	   8.4618770e-01	
   2.9000000e+01	   1.0000000e+01	   8.6466731e-01	
   2.9000000e+01	   1.0000000e+01	   9.7091039e-01	
   3.0000000e+01	   1.0000000e+01	   4.5939796e-03	
   3.0000000e+01	   1.0000000e+01	   4.2624429e-02	
   3.0000000e+01	   1.0000000e+01	   8.9178435e-02	
   3.0000000e+01	   1.0000000e+01	   1.0011670e-01	
   3.0000000e+01	   1.0000000e+01	   3.8411501e-01	
   3.0000000e+01	   1.0000000e+01	   4.0190984e-01	
   3.0000000e+01	   1.0000000e+01	   4.1536213e-01	
   3.0000000e+01	   1.0000000e+01	   7.4289206e-01	
   3.0000000e+01	   1.0000000e+01	   9.1837905e-01	
   3.1000000e+01	   1.0000000e+01	   4.4196868e-03	
   3.1000000e+01	   1.0000000e+01	   2.2095022e-02	
   3.1000000e+01	   1.0000000e+01	   4.8994193e-02	
   3.1000000e+01	   1.0000000e+01	   1.6748369e-01	
   3.1000000e+01	   1.0000000e+01	   1.8022797e-01	
   3.1000000e+01	   1.0000000e+01	   4.1733092e-01	
   3.1000000e+01	   1.0000000e+01	   4.3501042e-01	
   3.1000000e+01	   1.0000000e+01	   5.7301184e-01	
   3.1000000e+01	   1.0000000e+01	   6.6046345e-01	
   3.1000000e+01	   1.0000000e+01	   6.6969546e-01	
   3.1000000e+01	   1.0000000e+01	   9.4687414e-01	
   3.1000000e+01	   1.0000000e+01	   9.6160608e-01	
   3.2000000e+01	   1.0000000e+01	   3.7624828e-02	
   3.2000000e+01	   1.0000000e+01	   7.5894723e-02	
   3.2000000e+01	   1.0000000e+01	   8.0605413e-02	
   3.2000000e+01	   1.0000000e+01	   1.3400440e-01	
   3.2000000e+01	   1.0000000e+01	   2.3762558e-01	
   3.2000000e+01	   1.0000000e+01	   2.7424383e-01	
   3.2000000e+01	   1.0000000e+01	   3.7673643e-01	
   3.2000000e+01	   1.0000000e+01	   4.0706622e-01	
   3.2000000e+01	   1.0000000e+01	   4.4869362e-01	
   3.2000000e+01	   1.0000000e+01	   5.2895694e-01	
   3.2000000e+01	   1.0000000e+01	   5.8144947e-01	
   3.2000000e+01	   1.0000000e+01	   6.7056093e-01	
   3.2000000e+01	   1.0000000e+01	   7.0656812e-01	
   3.2000000e+01	   1.0000000e+01	   9.8482380e-01	
   3.3000000e+01	   1.0000000e+01	   1.4829071e-02	
   3.3000000e+01	   1.0000000e+01	   6.5800566e-02	
   3.3000000e+01	   1.0000000e+01	   1.0673165e-01	
   3.3000000e+01	   1.0000000e+01	   1.8331979e-01	
   3.3000000e+01	   1.0000000e+01	   2.2871670e-01	
   3.3000000e+01	   1.0000000e+01	   2.3226833e-01	
   3.3000000e+01	   1.0000000e+01	   3.0356473e-01	
   3.3000000e+01	   1.0000000e+01	   3.1122658e-01	
   3.3000000e+01	   1.0000000e+01	   4.8030271e-01	
   3.3000000e+01	   1.0000000e+01	   6.2308802e-01	
   3.3000000e+01	   1.0000000e+01	   6.4309804e-01	
   3.4000000e+01	   1.0000000e+01	   1.3050901e-02	
   3.4000000e+01	   1.0000000e+01	   1.2896529e-01	
   3.4000000e+01	   1.0000000e+01	   1.6425868e-01	
   3.4000000e+01	   1.0000000e+01	   2.3496944e-01	
   3.4000000e+01	   1.0000000e+01	   2.8468787e-01	
   3.4000000e+01	   1.0000000e+01	   3.9089665e-01	
   3.4000000e+01	   1.0000000e+01	   4.4774605e-01	
   3.4000000e+01	   1.0000000e+01	   4.9968938e-01	
   3.4000000e+01	   1.0000000e+01	   5.3997619e-01	
   3.4000000e+01	   1.0000000e+01	   5.4915695e-01	
   3.4000000e+01	   1.0000000e+01	   5.6324563e-01	
   3.4000000e+01	   1.0000000e+01	   6.8517561e-01	
   3.4000000e+01	   1.0000000e+01	   6.9722834e-01	
   3.4000000e+01	   1.0000000e+01	   7.5832771e-01	
   3.4000000e+01	   1.0000000e+01	   8.5475908e-01	
   3.4000000e+01	   1.0000000e+01	   8.5964180e-01	
   3.4000000e+01	   1.0000000e+01	   8.9569730e-01	
   3.5000000e+01	   1.0000000e+01	   6.0075978e-02	
   3.5000000e+01	   1.0000000e+01	   1.3888842e-01	
   3.5000000e+01	   1.0000000e+01	   2.0910462e-01	
   3.5000000e+01	   1.0000000e+01	   2.2025735e-01	
   3.5000000e+01	   1.0000000e+01	   2.4081634e-01	
   3.5000000e+01	   1.0000000e+01	   2.4564708e-01	
   3.5000000e+01	   1.0000000e+01	   3.2816394e-01	
   3.5000000e+01	   1.0000000e+01	   3.7002136e-01	
   3.5000000e+01	   1.0000000e+01	   4.8953626e-01	
   3.5000000e+01	   1.0000000e+01	   8.0948359e-01	
   3.5000000e+01	   1.0000000e+01	   9.2438792e-01	
   3.6000000e+01	   1.0000000e+01	   3.0069799e-02	
   3.6000000e+01	   1.0000000e+01	   6.0427083e-02	
   3.6000000e+01	   1.0000000e+01	   7.4205233e-02	
   3.6000000e+01	   1.0000000e+01	   8.0088447e-02	
   3.6000000e+01	   1.0000000e+01	   1.3990485e-01	
   3.6000000e+01	   1.0000000e+01	   1.5788028e-01	
   3.6000000e+01	   1.0000000e+01	   2.8568608e-01	
   3.6000000e+01	   1.0000000e+01	   3.3151616e-01	
   3.6000000e+01	   1.0000000e+01	   4.1849813e-01	
   3.6000000e+01	   1.0000000e+01	   4.6497365e-01	
   3.6000000e+01	   1.0000000e+01	   5.3108161e-01	
   3.6000000e+01	   1.0000000e+01	   6.0256109e-01	
   3.6000000e+01	   1.0000000e+01	   6.8247161e-01	
   3.6000000e+01	   1.0000000e+01	   7.0803216e-01	
   3.6000000e+01	   1.0000000e+01	   8.8737736e-01	
   3.7000000e+01	   1.0000000e+01	   4.1075605e-02	
   3.7000000e+01	   1.0000000e+01	   9.4007958e-02	
   3.7000000e+01	   1.0000000e+01	   1.6874227e-01	
   3.7000000e+01	   1.0000000e+01	   5.5427123e-01	
   3.7000000e+01	   1.0000000e+01	   6.5665609e-01	
   3.8000000e+01	   1.0000000e+01	   3.1861111e-02	
   3.8000000e+01	   1.0000000e+01	   1.9867743e-01	
   3.8000000e+01	   1.0000000e+01	   3.1982059e-01	
   3.8000000e+01	   1.0000000e+01	   4.2222759e-01	
   3.8000000e+01	   1.0000000e+01	   4.7284788e-01	
   3.8000000e+01	   1.0000000e+01	   6.0759646e-01	
   3.8000000e+01	   1.0000000e+01	   6.4831303e-01	
   3.9000000e+01	   1.0000000e+01	   4.6497825e-02	
   3.9000000e+01	   1.0000000e+01	   6.0282164e-02	
   3.9000000e+01	   1.0000000e+01	   1.4804580e-01	
   3.9000000e+01	   1.0000000e+01	   2.4082946e-01	
   3.9000000e+01	   1.0000000e+01	   4.0999385e-01	
   3.9000000e+01	   1.0000000e+01	   4.1363868e-01	
   3.9000000e+01	   1.0000000e+01	   5.2173605e-01	
   3.9000000e+01	   1.0000000e+01	   6.2852117e-01	
   3.9000000e+01	   1.0000000e+01	   7.2435156e-01	
   3.9000000e+01	   1.0000000e+01	   7.8614148e-01	
   3.9000000e+01	   1.0000000e+01	   8.0368799e-01	
   4.0000000e+01	   1.0000000e+01	   2.2118556e-02	
   4.0000000e+01	   1.0000000e+01	   5.7119532e-02	
   4.0000000e+01	   1.0000000e+01	   9.0470855e-02	
   4.0000000e+01	   1.0000000e+01	   9.6181159e-02	
   4.0000000e+01	   1.0000000e+01	   1.1287179e-01	
   4.0000000e+01	   1.0000000e+01	   1.1613695e-01	
   4.0000000e+01	   1.0000000e+01	   1.4190828e-01	
   4.0000000e+01	   1.0000000e+01	   2.0358136e-01	
   4.0000000e+01	   1.0000000e+01	   2.5866851e-01	
   4.0000000e+01	   1.0000000e+01	   3.0663365e-01	
   4.0000000e+01	   1.0000000e+01	   3.8859810e-01	
   4.0000000e+01	   1.0000000e+01	   4.0169373e-01	
   4.0000000e+01	   1.0000000e+01	   4.8446657e-01	
   4.0000000e+01	   1.0000000e+01	   6.1103435e-01	
   4.0000000e+01	   1.0000000e+01	   7.0707033e-01	
   4.0000000e+01	   1.0000000e+01	   7.2784072e-01	
   4.0000000e+01	   1.0000000e+01	   7.4093769e-01	
   4.0000000e+01	   1.0000000e+01	   8.7186345e-01	
   4.1000000e+01	   1.5000000e+01	   1.9233514e-02	
   4.1000000e+01	   1.5000000e+01	   2.6419183e-02	
   4.1000000e+01	   1.5000000e+01	   2.8077883e-01	
   4.1000000e+01	   1.5000000e+01	   3.6851910e-01	
   4.1000000e+01	   1.5000000e+01	   4.0333868e-01	
   4.1000000e+01	   1.5000000e+01	   4.4847670e-01	
   4.1000000e+01	   1.5000000e+01	   4.8731604e-01	
   4.1000000e+01	   1.5000000e+01	   5.1650689e-01	
   4.1000000e+01	   1.5000000e+01	   5.5881587e-01	
   4.1000000e+01	   1.5000000e+01	   6.2470653e-01	
   4.1000000e+01	   1.5000000e+01	   8.7932782e-01	
   4.2000000e+01	   1.5000000e+01	   4.2069859e-02	
   4.2000000e+01	   1.5000000e+01	   1.1839585e-01	
   4.2000000e+01	   1.5000000e+01	   1.3200962e-01	
   4.2000000e+01	   1.5000000e+01	   3.0322858e-01	
   4.2000000e+01	   1.5000000e+01	   3.6246292e-01	
   4.2000000e+01	   1.5000000e+01	   3.6666510e-01	
   4.2000000e+01	   1.5000000e+01	   4.1001165e-01	
   4.2000000e+01	   1.5000000e+01	   4.2141797e-01	
   4.2000000e+01	   1.5000000e+01	   4.5917199e-01	
   4.2000000e+01	   1.5000000e+01	   5.6405345e-01	
   4.2000000e+01	   1.5000000e+01	   6.5551864e-01	
   4.2000000e+01	   1.5000000e+01	   7.0100684e-01	
   4.2000000e+01	   1.5000000e+01	   7.3581661e-01	
   4.2000000e+01	   1.5000000e+01	   8.8542739e-01	
   4.2000000e+01	   1.5000000e+01	   9.6049368e-01	
   4.3000000e+01	   1.5000000e+01	   2.3845337e-02	
   4.3000000e+01	   1.5000000e+01	   1.0008620e-01	
   4.3000000e+01	   1.5000000e+01	   2.2815456e-01	
   4.3000000e+01	   1.5000000e+01	   3.3793261e-01	
   4.3000000e+01	   1.5000000e+01	   4.3580868e-01	
   4.3000000e+01	   1.5000000e+01	   4.9813373e-01	
   4.3000000e+01	   1.5000000e+01	   6.3121457e-01	
   4.3000000e+01	   1.5000000e+01	   6.6040279e-01	
   4.3000000e+01	   1.5000000e+01	   7.9126224e-01	
   4.4000000e+01	   1.5000000e+01	   3.1185280e-02	
   4.4000000e+01	   1.5000000e+01	   2.0847598e-01	
   4.4000000e+01	   1.5000000e+01	   2.1679011e-01	
   4.4000000e+01	   1.5000000e+01	   2.5688017e-01	
   4.4000000e+01	   1.5000000e+01	   3.3159275e-01	
   4.4000000e+01	   1.5000000e+01	   3.9683337e-01	
   4.4000000e+01	   1.5000000e+01	   4.9079817e-01	
   4.4000000e+01	   1.5000000e+01	   5.8295222e-01	
   4.4000000e+01	   1.5000000e+01	   7.0347552e-01	
   4.4000000e+01	   1.5000000e+01	   9.6016298e-01	
   4.4000000e+01	   1.5000000e+01	   9.7642011e-01	
   4.5000000e+01	   1.5000000e+01	   3.4423214e-02	
   4.5000000e+01	   1.5000000e+01	   9.0074448e-02	
   4.5000000e+01	   1.5000000e+01	   1.2482023e-01	
   4.5000000e+01	   1.5000000e+01	   1.5667305e-01	
   4.5000000e+01	   1.5000000e+01	   2.0044617e-01	
   4.5000000e+01	   1.5000000e+01	   2.1993707e-01	
   4.5000000e+01	   1.5000000e+01	   2.6368225e-01	
   4.5000000e+01	   1.5000000e+01	   3.5952503e-01	
   4.5000000e+01	   1.5000000e+01	   3.7987381e-01	
   4.5000000e+01	   1.5000000e+01	   3.8838119e-01	
   4.5000000e+01	   1.5000000e+01	   3.9522223e-01	
   4.5000000e+01	   1.5000000e+01	   4.5545425e-01	
   4.5000000e+01	   1.5000000e+01	   5.3448553e-01	
   4.5000000e+01	   1.5000000e+01	   8.0249103e-01	
   4.5000000e+01	   1.5000000e+01	   8.1693060e-01	
   4.5000000e+01	   1.5000000e+01	   8.8864399e-01	
   4.5000000e+01	   1.5000000e+01	   9.3979288e-01	
   4.6000000e+01	   1.5000000e+01	   4.2145024e-02	
   4.6000000e+01	   1.5000000e+01	   1.5201310e-01	
   4.6000000e+01	   1.5000000e+01	   2.1961461e-01	
   4.6000000e+01	   1.5000000e+01	   2.6102073e-01	
   4.6000000e+01	   1.5000000e+01	   5.2774482e-01	
   4.6000000e+01	   1.5000000e+01	   5.4377757e-01	
   4.6000000e+01	   1.5000000e+01	   5.8506357e-01	
   4.6000000e+01	   1.5000000e+01	   6.8390670e-01	
   4.6000000e+01	   1.5000000e+01	   7.1386857e-01	
   4.6000000e+01	   1.5000000e+01	   7.3631593e-01	
   4.6000000e+01	   1.5000000e+01	   7.4192027e-01	
   4.6000000e+01	   1.5000000e+01	   7.5325676e-01	
   4.7000000e+01	   1.5000000e+01	   4.4459608e-02	
   4.7000000e+01	   1.5000000e+01	   7.1276540e-02	
   4.7000000e+01	   1.5000000e+01	   1.5178664e-01	
   4.7000000e+01	   1.5000000e+01	   2.7259525e-01	
   4.7000000e+01	   1.5000000e+01	   2.9828704e-01	
   4.7000000e+01	   1.5000000e+01	   3.0836771e-01	
   4.7000000e+01	   1.5000000e+01	   3.1620976e-01	
   4.7000000e+01	   1.5000000e+01	   3.2579921e-01	
   4.7000000e+01	   1.5000000e+01	   3.9066014e-01	
   4.7000000e+01	   1.5000000e+01	   4.3179914e-01	
   4.7000000e+01	   1.5000000e+01	   4.5101955e-01	
   4.7000000e+01	   1.5000000e+01	   5.0418175e-01	
   4.7000000e+01	   1.5000000e+01	   5.2635518e-01	
   4.7000000e+01	   1.5000000e+01	   6.0754899e-01	
   4.7000000e+01	   1.5000000e+01	   6.1170226e-01	
   4.7000000e+01	   1.5000000e+01	   7.6475958e-01	
   4.7000000e+01	   1.5000000e+01	   8.1720004e-01	
   4.8000000e+01	   1.5000000e+01	   6.6183918e-02	
   4.8000000e+01	   1.5000000e+01	   1.0406624e-01	
   4.8000000e+01	   1.5000000e+01	   1.2995333e-01	
   4.8000000e+01	   1.5000000e+01	   3.1158690e-01	
   4.8000000e+01	   1.5000000e+01	   3.1452850e-01	
   4.8000000e+01	   1.5000000e+01	   3.2538896e-01	
   4.8000000e+01	   1.5000000e+01	   3.9044107e-01	
   4.8000000e+01	   1.5000000e+01	   4.3427853e-01	
   4.8000000e+01	   1.5000000e+01	   4.7694948e-01	
   4.8000000e+01	   1.5000000e+01	   5.3052969e-01	
   4.8000000e+01	   1.5000000e+01	   6.0751738e-01	
   4.8000000e+01	   1.5000000e+01	   6.1454369e-01	
   4.8000000e+01	   1.5000000e+01	   6.8980702e-01	
   4.8000000e+01	   1.5000000e+01	   7.5828861e-01	
   4.8000000e+01	   1.5000000e+01	   7.8380425e-01	
   4.8000000e+01	   1.5000000e+01	   8.3352171e-01	
   4.8000000e+01	   1.5000000e+01	   8.4122036e-01	
   4.8000000e+01	   1.5000000e+01	   8.7809933e-01	
   4.8000000e+01	   1.5000000e+01	   8.9655975e-01	
   4.9000000e+01	   1.5000000e+01	   8.9129090e-03	
   4.9000000e+01	   1.5000000e+01	   2.3823306e-02	
   4.9000000e+01	   1.5000000e+01	   2.9229081e-02	
   4.9000000e+01	   1.5000000e+01	   1.1668266e-01	
   4.9000000e+01	   1.5000000e+01	   1.5277319e-01	
   4.9000000e+01	   1.5000000e+01	   2.0850911e-01	
   4.9000000e+01	   1.5000000e+01	   2.4248674e-01	
   4.9000000e+01	   1.5000000e+01	   4.0545902e-01	
   4.9000000e+01	   1.5000000e+01	   4.1533771e-01	
   4.9000000e+01	   1.5000000e+01	   4.6107249e-01	
   4.9000000e+01	   1.5000000e+01	   4.8513921e-01	
   4.9000000e+01	   1.5000000e+01	   5.2396302e-01	
   4.9000000e+01	   1.5000000e+01	   6.0057156e-01	
   4.9000000e+01	   1.5000000e+01	   6.9087559e-01	
   4.9000000e+01	   1.5000000e+01	   7.3368587e-01	
   4.9000000e+01	   1.5000000e+01	   7.3941998e-01	
   4.9000000e+01	   1.5000000e+01	   7.8874645e-01	
   4.9000000e+01	   1.5000000e+01	   8.6108490e-01	
   4.9000000e+01	   1.5000000e+01	   8.9795098e-01	
   5.0000000e+01	   1.5000000e+01	   5.9153131e-02	
   5.0000000e+01	   1.5000000e+01	   1.0915567e-01	
   5.0000000e+01	   1.5000000e+01	   1.5247418e-01	
   5.0000000e+01	   1.5000000e+01	   1.9911430e-01	
   5.0000000e+01	   1.5000000e+01	   2.0763456e-01	
   5.0000000e+01	   1.5000000e+01	   2.1996839e-01	
   5.0000000e+01	   1.5000000e+01	   2.5672451e-01	
   5.0000000e+01	   1.5000000e+01	   3.6492154e-01	
   5.0000000e+01	   1.5000000e+01	   4.9841721e-01	
   5.0000000e+01	   1.5000000e+01	   5.0379435e-01	
   5.0000000e+01	   1.5000000e+01	   5.3237737e-01	
   5.0000000e+01	   1.5000000e+01	   6.1240491e-01	
   5.0000000e+01	   1.5000000e+01	   6.8152448e-01	
   5.0000000e+01	   1.5000000e+01	   7.8053969e-01	
   5.0000000e+01	   1.5000000e+01	   7.8858233e-01	
   5.0000000e+01	   1.5000000e+01	   9.2927560e-01	
   5.1000000e+01	   1.5000000e+01	   3.0436000e-02	
   5.1000000e+01	   1.5000000e+01	   9.8371154e-02	
   5.1000000e+01	   1.5000000e+01	   1.7083892e-01	
   5.1000000e+01	   1.5000000e+01	   2.2994095e-01	
   5.1000000e+01	   1.5000000e+01	   2.4931204e-01	
   5.1000000e+01	   1.5000000e+01	   4.1387381e-01	
   5.1000000e+01	   1.5000000e+01	   4.8219635e-01	
   5.1000000e+01	   1.5000000e+01	   5.1096898e-01	
   5.1000000e+01	   1.5000000e+01	   5.9467850e-01	
   5.1000000e+01	   1.5000000e+01	   6.7259963e-01	
   5.1000000e+01	   1.5000000e+01	   7.9023550e-01	
   5.1000000e+01	   1.5000000e+01	   8.0201970e-01	
   5.1000000e+01	   1.5000000e+01	   8.6667436e-01	
   5.1000000e+01	   1.5000000e+01	   8.7853137e-01	
   5.1000000e+01	   1.5000000e+01	   8.8253247e-01	
   5.1000000e+01	   1.5000000e+01	   9.6866211e-01	
   5.2000000e+01	   1.5000000e+01	   1.4584240e-02	
   5.2000000e+01	   1.5000000e+01	   2.4590755e-02	
   5.2000000e+01	   1.5000000e+01	   1.1958585e-01	
   5.2000000e+01	   1.5000000e+01	   1.2343789e-01	
   5.2000000e+01	   1.5000000e+01	   2.9370916e-01	
   5.2000000e+01	   1.5000000e+01	   3.1047088e-01	
   5.2000000e+01	   1.5000000e+01	   3.5227462e-01	
   5.2000000e+01	   1.5000000e+01	   4.6176084e-01	
   5.2000000e+01	   1.5000000e+01	   4.6430851e-01	
   5.2000000e+01	   1.5000000e+01	   8.0417768e-01	
   5.2000000e+01	   1.5000000e+01	   8.0992061e-01	
   5.3000000e+01	   1.5000000e+01	   1.0776243e-02	
   5.3000000e+01	   1.5000000e+01	   5.2592798e-02	
   5.3000000e+01	   1.5000000e+01	   1.1786327e-01	
   5.3000000e+01	   1.5000000e+01	   1.9593259e-01	
   5.3000000e+01	   1.5000000e+01	   2.0989049e-01	
   5.3000000e+01	   1.5000000e+01	   3.0862645e-01	
   5.3000000e+01	   1.5000000e+01	   3.1645547e-01	
   5.3000000e+01	   1.5000000e+01	   3.3615015e-01	
   5.3000000e+01	   1.5000000e+01	   3.7163107e-01	
   5.3000000e+01	   1.5000000e+01	   4.5098585e-01	
   5.3000000e+01	   1.5000000e+01	   5.1174783e-01	
   5.3000000e+01	   1.5000000e+01	   5.5995668e-01	
   5.3000000e+01	   1.5000000e+01	   6.1882912e-01	
   5.3000000e+01	   1.5000000e+01	   7.2009586e-01	
   5.3000000e+01	   1.5000000e+01	   7.3307154e-01	
   5.3000000e+01	   1.5000000e+01	   8.5102895e-01	
   5.4000000e+01	   1.5000000e+01	   4.9724609e-02	
   5.4000000e+01	   1.5000000e+01	   1.4089237e-01	
   5.4000000e+01	   1.5000000e+01	   1.4551941e-01	
   5.4000000e+01	   1.5000000e+01	   1.5775893e-01	
   5.4000000e+01	   1.5000000e+01	   1.7990693e-01	
   5.4000000e+01	   1.5000000e+01	   1.9327300e-01	
   5.4000000e+01	   1.5000000e+01	   2.2208574e-01	
   5.4000000e+01	   1.5000000e+01	   2.5496634e-01	
   5.4000000e+01	   1.5000000e+01	   2.9302613e-01	
   5.4000000e+01	   1.5000000e+01	   3.4249822e-01	
   5.4000000e+01	   1.5000000e+01	   3.8271613e-01	
   5.4000000e+01	   1.5000000e+01	   4.1739954e-01	
   5.4000000e+01	   1.5000000e+01	   4.9821220e-01	
   5.4000000e+01	   1.5000000e+01	   5.2510395e-01	
   5.4000000e+01	   1.5000000e+01	   5.3270254e-01	
   5.4000000e+01	   1.5000000e+01	   6.2749511e-01	
   5.4000000e+01	   1.5000000e+01	   6.6799818e-01	
   5.4000000e+01	   1.5000000e+01	   7.9070942e-01	
   5.4000000e+01	   1.5000000e+01	   7.9890725e-01	
   5.4000000e+01	   1.5000000e+01	   8.7130130e-01	
   5.4000000e+01	   1.5000000e+01	   8.8004677e-01	
   5.4000000e+01	   1.5000000e+01	   9.9829070e-01	
   5.5000000e+01	   1.5000000e+01	   9.7800349e-02	
   5.5000000e+01	   1.5000000e+01	   1.0575548e-01	
   5.5000000e+01	   1.5000000e+01	   2.0185321e-01	
   5.5000000e+01	   1.5000000e+01	   2.6169958e-01	
   5.5000000e+01	   1.5000000e+01	   2.9917563e-01	
   5.5000000e+01	   1.5000000e+01	   7.6675167e-01	
   5.5000000e+01	   1.5000000e+01	   9.8150877e-01	
   5.6000000e+01	   1.5000000e+01	   9.2756008e-03	
   5.6000000e+01	   1.5000000e+01	   2.4831645e-02	
   5.6000000e+01	   1.5000000e+01	   3.5629381e-02	
   5.6000000e+01	   1.5000000e+01	   9.0087750e-02	
   5.6000000e+01	   1.5000000e+01	   9.5407342e-02	
   5.6000000e+01	   1.5000000e+01	   1.0390161e-01	
   5.6000000e+01	   1.5000000e+01	   1.2464854e-01	
   5.6000000e+01	   1.5000000e+01	   1.7042129e-01	
   5.6000000e+01	   1.5000000e+01	   3.5546229e-01	
   5.6000000e+01	   1.5000000e+01	   3.6122484e-01	
   5.6000000e+01	   1.5000000e+01	   4.0669625e-01	
   5.6000000e+01	   1.5000000e+01	   5.0286330e-01	
   5.6000000e+01	   1.5000000e+01	   5.5113589e-01	
   5.6000000e+01	   1.5000000e+01	   6.6185570e-01	
   5.7000000e+01	   1.5000000e+01	   2.1791330e-02	
   5.7000000e+01	   1.5000000e+01	   8.7071847e-02	
   5.7000000e+01	   1.5000000e+01	   1.3959068e-01	
   5.7000000e+01	   1.5000000e+01	   1.8246334e-01	
   5.7000000e+01	   1.5000000e+01	   2.2364358e-01	
   5.7000000e+01	   1.5000000e+01	   4.1105860e-01	
   5.7000000e+01	   1.5000000e+01	   5.6911436e-01	
   5.7000000e+01	   1.5000000e+01	   5.8036015e-01	
   5.7000000e+01	   1.5000000e+01	   6.0514654e-01	
   5.7000000e+01	   1.5000000e+01	   7.5104899e-01	
   5.8000000e+01	   1.5000000e+01	   1.1388721e-02	
   5.8000000e+01	   1.5000000e+01	   5.9087346e-02	
   5.8000000e+01	   1.5000000e+01	   6.8201083e-02	
   5.8000000e+01	   1.5000000e+01	   1.7414857e-01	
   5.8000000e+01	   1.5000000e+01	   2.4601487e-01	
   5.8000000e+01	   1.5000000e+01	   2.6724076e-01	
   5.8000000e+01	   1.5000000e+01	   4.1091314e-01	
   5.8000000e+01	   1.5000000e+01	   4.9478742e-01	
   5.8000000e+01	   1.5000000e+01	   5.4401285e-01	
   5.8000000e+01	   1.5000000e+01	   5.6875556e-01	
   5.8000000e+01	   1.5000000e+01	   5.7941165e-01	
   5.8000000e+01	   1.5000000e+01	   6.0593831e-01	
   5.8000000e+01	   1.5000000e+01	   6.4927553e-01	
   5.8000000e+01	   1.5000000e+01	   7.6732917e-01	
   5.8000000e+01	   1.5000000e+01	   8.5179712e-01	
   5.8000000e+01	   1.5000000e+01	   9.1335900e-01	
   5.9000000e+01	   1.5000000e+01	   1.3968051e-02	
   5.9000000e+01	   1.5000000e+01	   5.3902662e-02	
   5.9000000e+01	   1.5000000e+01	   1.8718295e-01	
   5.9000000e+01	   1.5000000e+01	   2.8402965e-01	
   5.9000000e+01	   1.5000000e+01	   3.0935202e-01	
   5.9000000e+01	   1.5000000e+01	   4.7415541e-01	
   5.9000000e+01	   1.5000000e+01	   5.2161786e-01	
   5.9000000e+01	   1.5000000e+01	   6.1172977e-01	
   5.9000000e+01	   1.5000000e+01	   6.9216625e-01	
   5.9000000e+01	   1.5000000e+01	   7.4138296e-01	
   5.9000000e+01	   1.5000000e+01	   9.3593437e-01	
   6.0000000e+01	   1.5000000e+01	   6.2718016e-02	
   6.0000000e+01	   1.5000000e+01	   7.8998948e-02	
   6.0000000e+01	   1.5000000e+01	   9.9357288e-02	
   6.0000000e+01	   1.5000000e+01	   1.4189186e-01	
   6.0000000e+01	   1.5000000e+01	   1.5451078e-01	
   6.0000000e+01	   1.5000000e+01	   4.0696975e-01	
   6.0000000e+01	   1.5000000e+01	   4.2543234e-01	
   6.0000000e+01	   1.5000000e+01	   4.5336710e-01	
   6.0000000e+01	   1.5000000e+01	   4.6330774e-01	
   6.0000000e+01	   1.5000000e+01	   5.0592541e-01	
   6.0000000e+01	   1.5000000e+01	   5.5393866e-01	
   6.0000000e+01	   1.5000000e+01	   6.0802104e-01	
   6.0000000e+01	   1.5000000e+01	   6.7101843e-01	
   6.0000000e+01	   1.5000000e+01	   6.8183784e-01	
   6.0000000e+01	   1.5000000e+01	   8.6129145e-01	
   6.0000000e+01	   1.5000000e+01	   8.9117511e-01	
